0 0.8543004718468906 0.25470587680637696 0.8866630700460079 0.2578283168908437 0.8969602603820905 0.27383082232373573 0.8662788361153947 0.2703180772287106 115
0 0.822861940865814 0.25434171647046017 0.8514818108709663 0.25395141145990185 0.8635014682643614 0.26995391689279397 0.8327352308675313 0.271124831924469 116
0 0.7862684181797175 0.26183451849674955 0.8199832344114972 0.25430296573576444 0.8300235053971055 0.27154772606097516 0.7998451842635471 0.27846779505789415 117
0 0.749960008964582 0.2724309990782732 0.784214225177415 0.26246528962500215 0.7973238634810926 0.2785637433572093 0.7656471675117441 0.2895740030689904 118
0 0.7133437431373048 0.2969366486793386 0.7477585671831516 0.2733676852459939 0.7631667529673645 0.2908564883142653 0.7316845529485413 0.31442941993972073 119
0 0.6749521329729744 0.3263589201107454 0.7114396322096256 0.29807073335722317 0.7295370456342164 0.31575085007817444 0.6954194457745937 0.3440390368316965 120
0 0.6262170601895584 0.3632740065539505 0.672196761708264 0.32819246689212056 0.6922724060333322 0.34535191563975476 0.647615069304603 0.3821001430733203 121
0 0.5717311218730959 0.4068069270444213 0.6239903716974644 0.36485728538260126 0.6456453081015574 0.38388999317361194 0.5918156909341071 0.42894701569927096 122
0 0.5034547417050276 0.458300589789425 0.5694409216876382 0.40850324137169636 0.5895201237115477 0.43055092235053816 0.525079209545862 0.4837694626442939 123
0 0.4206281091881857 0.5128532636832683 0.5013506018617307 0.45893543815582305 0.5228680453791617 0.48432578228822715 0.43646226630569146 0.5444005317882543 124
0 0.3153285518182485 0.5562384606228591 0.41825831820348055 0.5130952448205474 0.43434978259493336 0.5452299043677509 0.3233466309189029 0.5967608321324164 125
