0 0.937771 0.915741 0.037500 0.095000 151
0 0.888000 0.918056 0.048958 0.095000 152
0 0.832344 0.921296 0.048438 0.098148 153
0 0.775615 0.923611 0.053646 0.097222 154
0 0.714323 0.925000 0.053646 0.094444 155
0 0.654687 0.928241 0.052083 0.099074 156
0 0.596094 0.928704 0.053646 0.100000 157
0 0.538542 0.930093 0.047917 0.102778 158
0 0.277800 0.930000 0.040500 0.087000 159
0 0.232000 0.930000 0.040500 0.087000 160
0 0.186719 0.930000 0.040500 0.087000 161
0 0.141146 0.930000 0.040500 0.087000 162
0 0.094000 0.930000 0.040500 0.087000 163
0 0.935000 0.787963 0.043000 0.087037 164
0 0.880000 0.788889 0.047396 0.085185 165
0 0.823438 0.792593 0.048958 0.087037 166
0 0.767188 0.793056 0.051042 0.091667 167
0 0.712000 0.797000 0.052604 0.090000 168
0 0.652865 0.800000 0.053646 0.090000 169
0 0.595313 0.800000 0.052083 0.090000 170
0 0.540000 0.780000 0.042000 0.092000 171
0 0.924740 0.560648 0.044271 0.099074 172
0 0.872396 0.562500 0.048958 0.097222 173
0 0.816146 0.562963 0.047917 0.100000 174
0 0.759635 0.563426 0.050521 0.099074 175
0 0.702083 0.566204 0.051042 0.102778 176
0 0.644792 0.568056 0.051042 0.104630 177
0 0.587240 0.568519 0.048438 0.105556 178
0 0.530469 0.568056 0.045312 0.104630 179
0 0.320000 0.820000 0.044000 0.095000 180
0 0.322000 0.603241 0.043000 0.090000 181
0 0.325000 0.495167 0.043000 0.091667 182
0 0.096000 0.849000 0.090000 0.043000 183
0 0.100100 0.802000 0.090000 0.043000 184
0 0.104844 0.755000 0.090000 0.043000 185
0 0.110000 0.708000 0.090000 0.043000 186
0 0.115260 0.661000 0.090000 0.043000 187
0 0.120990 0.614000 0.090000 0.043000 188
0 0.127240 0.567000 0.090000 0.043000 189
0 0.132708 0.520000 0.090000 0.043000 190
0 0.300260 0.423167 0.046354 0.060185 207
0 0.249740 0.435000 0.045312 0.065000 208
0 0.180000 0.435000 0.080000 0.065000 209
0 0.304000 0.258148 0.043229 0.078519 210
0 0.252990 0.258148 0.043229 0.078519 211
0 0.310000 0.170000 0.040000 0.070000 228
0 0.265365 0.170000 0.040000 0.070000 229
0 0.422396 0.022685 0.032292 0.043519 230
0 0.386198 0.034259 0.033854 0.066667 231