0 0.0938324053452116 0.155902004454343 0.14983407572383075 0.1447661469933185 0.10097550111358575 0.2873051224944321 0.03683073496659243 0.30178173719376394 212
0 0.15337032884035416 0.14293706514388121 0.23815534521158125 0.13307642494632868 0.2056755540217504 0.2768759872963446 0.1038480884141903 0.2867571144826386 213
0 0.24086944663731673 0.1323974420002648 0.3308147674354395 0.127171324874209 0.3225638983315417 0.2726516083200247 0.2085129647819094 0.27609563952953275 214
0 0.3337804686718194 0.1271713248742089 0.4218951156669345 0.1271713248742089 0.43952742550019284 0.2718876192031905 0.32522612149212064 0.2727490257170535 215
0 0.4245264282092771 0.1280079783273289 0.5174653427467459 0.13312297330208403 0.5581230524799243 0.2769322929826527 0.4425438438554141 0.27343356036051536 216
0 0.5205324119547729 0.1338645524991675 0.6047689146234831 0.14156460038127 0.664482622707778 0.2852988275138505 0.5614651957222327 0.2784543405075372 217
0 0.6080672794874323 0.14223108703036536 0.686579956144951 0.1547808888271623 0.7581355186163753 0.2945020154981683 0.6665324829120782 0.2852988275138505 218
0 0.6899887541213377 0.1564541957334019 0.7435355129442712 0.1673306906239592 0.8197864199431403 0.303705203482486 0.7615040246426111 0.295338668951288 219
0 0.0016832834896297803 0.6732531101001787 0.07689908752776634 0.6753274575046082 0.04148158864930926 0.9954684069215218 0.001277880276660969 0.996159856056332 220
0 0.07966204729321594 0.6753274575046082 0.3063577420979501 0.6837152326301438 0.3090963501110654 0.9961598560563313 0.04406129549301422 0.9961447918050285 222
0 0.3089295296960738 0.6836248471223252 0.4891125627842963 0.6774018049090373 0.5249581268844843 0.9954684069215218 0.3112927866493984 0.9961598560563313 223
0 0.49137735892539813 0.6767468835331615 0.6558746914844105 0.6670300678868926 0.7264640228920018 0.9961539839816099 0.5270716396155335 0.9961598560563312 224
0 0.657843738130844 0.6657909910373124 0.7938898106546048 0.6490523903818382 0.8870963000224911 0.9961487928701751 0.7287216180922586 0.996159856056332 225
0 0.7959174872381679 0.6484879966973319 0.9001881006010523 0.635223407685643 0.9995 0.9961598560563317 0.8892994147394135 0.9954617197925587 226
0 0.9024870851407206 0.6347650908261714 0.9586243200902534 0.6193200775850187 0.998722119723341 0.738667907175744 0.9993331795850107 0.9857881190341862 227
