0 0.8929298253194219 0.4694799568545182 0.9147196931171472 0.47043386232666945 0.9358108904131568 0.5830950426255537 0.913731043243897 0.5860289275291704 093
0 0.8691181566453677 0.46905540213914776 0.8908990315479868 0.4693588141155345 0.9112385250232259 0.5867792489772151 0.8896178036125391 0.5910270166466302 094
0 0.8420480425949171 0.4681451662099873 0.8663441139469604 0.46844857818637403 0.887814705113098 0.5913304286230165 0.8643052827845511 0.5955781962924314 095
0 0.8140165083690366 0.4680654062166552 0.8398005953392328 0.46792459271841413 0.8616540072617563 0.595698930933096 0.8354768248800446 0.6001629706592789 096
0 0.7824292880893631 0.46745536140592336 0.8118542302312001 0.46775877338231014 0.8333771289342401 0.5999195688808129 0.8041556703229379 0.6040584116507048 097
0 0.7482654248553438 0.46715407331337083 0.7800019435121807 0.4675579146539419 0.8017692345764746 0.6040584116507044 0.7698627487338997 0.608601095761167 098
0 0.7121687106203436 0.4673549320417393 0.7462576130288688 0.4675579146539422 0.7680189551124496 0.6091074903497573 0.73290016177664 0.6138510331885884 099
0 0.6726162801147624 0.46837217537251147 0.7099721771335051 0.4675579146539416 0.7304645549266437 0.6137177136372611 0.6935355824452581 0.617789017230111 100
0 0.630610997723812 0.4675579146539416 0.669921050847514 0.4683703505253137 0.6914776795547409 0.6182647687934824 0.6496842157346078 0.6231393840217154 101
0 0.5859885104419968 0.4679617559945127 0.6282993271294489 0.467254502677555 0.6476085658927143 0.6234427959981027 0.6038178130840549 0.6266714028388343 102
0 0.5373924192129301 0.46796175599451284 0.5833785233040962 0.4675579146539419 0.6014678438707631 0.6274790855199762 0.5540099652944566 0.6335367056285381 103
0 0.48898457533275014 0.4683655973350834 0.535141663514238 0.4675579146539419 0.5521809624223575 0.6339405469691086 0.5042983756172623 0.6379789603748165 104
0 0.4385403280152125 0.4695792452406293 0.4861248427617747 0.4679617559945117 0.5013628270894983 0.6379810842586502 0.4501673135188974 0.6428250564616653 105
0 0.385538288307669 0.4713975932151143 0.4357060169998908 0.4693783865122607 0.44730417306392717 0.642421215121093 0.3930275348361131 0.6464596285268013 106
0 0.33300661194301 0.47291252921321436 0.38299144880348707 0.47079076926234187 0.39119532278060404 0.6467630405031884 0.3371085489315688 0.6496903592513683 107
0 0.27804483368623173 0.4747052590136585 0.33031860204719055 0.4728120998490303 0.3345747528426649 0.6501176948821449 0.28028225238063276 0.6529210899759338 108
0 0.22648886926132034 0.4756260049652482 0.2761972893135344 0.47493173591606774 0.2783585249679785 0.6533249313165038 0.22648886926132034 0.6529238050719186 109
0 0.1764454274420624 0.4774471043176267 0.22397686900109604 0.4755364359850071 0.22392694185429995 0.6533350675740676 0.17361396098628673 0.6553441380193584 110
0 0.1280691518688545 0.4792693135304941 0.17373450449133376 0.47755564268786155 0.17114967321081603 0.6549402966787887 0.12333029452123873 0.6545364553382181 111
0 0.08266975072457117 0.479613957425478 0.12543286293865374 0.47889482771028147 0.12078349171426322 0.6551701608993529 0.07265434407236389 0.6545892136268912 112
