0 0.8762346392984814 0.613587592833622 0.90336136887948 0.6079442468884324 0.9298791215432594 0.7353155722589819 0.8978441515433922 0.7435326948113054 151
0 0.8331554658051751 0.6208891594555827 0.8743579898507036 0.6141781985170707 0.8963197414232805 0.7441178519809093 0.8524872690344203 0.7528836222542631 152
0 0.788046343968539 0.6287240856505594 0.8314788163573988 0.6214511420838152 0.8509028360692365 0.7539226141923696 0.8078715494066755 0.7627540456662733 153
0 0.7410994902711624 0.6349580372791973 0.7852774780381691 0.6287240856505594 0.8050948999588977 0.7632735416353266 0.7558336649530051 0.7710659811711236 154
0 0.691014904713047 0.6406724929387818 0.738530624340793 0.6359970292173033 0.753557015505228 0.7710659811711237 0.7037424816037808 0.7788584207069209 155
0 0.6417536697071546 0.6458674526293134 0.6888460387826774 0.6406724929387819 0.7010736156734115 0.778338924737868 0.64840578287641 0.7845728763665057 156
0 0.5903235687708919 0.6515819082888981 0.6390848037767849 0.6463869485983667 0.6461369169460405 0.7835338844283996 0.5925846511838541 0.7892483400879843 157
0 0.5497054776905484 0.6552183800722703 0.5874469193231147 0.6515819082888983 0.5903157852534842 0.7887288441189311 0.5463677458298091 0.7930043078404094 158
0 0.3165778069947756 0.6728812430200775 0.3583491969706737 0.6702837631748116 0.3413551256021677 0.8001577554381004 0.2970615708003457 0.7996382594690474 159
0 0.2766519323970245 0.6745240165736419 0.3140885095247636 0.6729601049826719 0.294048345016017 0.8000163003974657 0.2519823973070402 0.7991156399875714 160
0 0.2394560061426052 0.6750412777912892 0.2744387066126961 0.6741405519614134 0.2493135313766709 0.7985992675309450 0.2143253886396588 0.7970352423443665 161
0 0.1985456985796691 0.6749592268962901 0.2369949237296430 0.6749592268962901 0.2121565227092890 0.7975602755928347 0.1725384316289455 0.7954822917166221 162
0 0.1602653393600647 0.6749592268962901 0.1958768326492994 0.6749592268962901 0.1701617821811683 0.7944432997785157 0.1327969899963792 0.7892483400879843 163
0 0.8393764449048016 0.4671608392750282 0.8652603613033021 0.4650828553988154 0.8877610304629171 0.5679430572713402 0.8601238151688619 0.5715795290547123 164
0 0.8008038692026046 0.4702778150893470 0.8372075789744318 0.4676803352440813 0.8579549492384921 0.5710600330856591 0.8197979405711104 0.5757354968071374 165
0 0.7604779946048534 0.4723557989655597 0.7986350032722349 0.4697583191202939 0.8173368581581488 0.5762549927761907 0.7771343341126202 0.5809304564976689 166
0 0.7183988211115482 0.4770312626870381 0.7580169121918914 0.4723557989655598 0.7749654681822509 0.5804109605286160 0.7315485628282059 0.5861254161882007 167
0 0.6756507816878728 0.4811872304394633 0.7160299551811785 0.4775507586560913 0.7291796968978363 0.5861254161882007 0.6850017091308295 0.5913203758787321 168
0 0.6307338763338279 0.4863821901299950 0.6729819157575032 0.4817067264085166 0.6823328432004603 0.5913203758787321 0.6368704224682684 0.5965153355692637 169
0 0.5863169709797835 0.4915771498205264 0.6285650104034588 0.4863821901299948 0.6344093400553068 0.5970348315383168 0.5886547028405228 0.6017102952597951 170
0 0.5471599623124016 0.4931125490179503 0.5841481050494135 0.4905381578824202 0.5861936204275604 0.6022667331644255 0.5489132612079559 0.6063857589812734 171
0 0.7937906736203870 0.2832592662302114 0.8167524251929639 0.2837787621992646 0.8360387130440623 0.3513132381761747 0.8113236625759309 0.3518327341452279 172
0 0.7601857781222614 0.2849904089240405 0.7917521267760965 0.2834239394623932 0.8090621679524593 0.3518264392876587 0.7751486950713208 0.3530618755880235 173
0 0.7261960374484403 0.2858567460754770 0.7576320670161967 0.2842982581683175 0.7728273241110014 0.3530618755880234 0.7399302121302831 0.3549497099595466 174
0 0.6912002244896287 0.2888960592689808 0.7241301487029393 0.2860574773740110 0.7379017061777537 0.3552479110638991 0.7013792017536220 0.3577316702219977 175
0 0.6550748345919279 0.2917346411639505 0.6888031099631987 0.2885412365321096 0.6991816750166819 0.3573768474851264 0.6626591705925502 0.3605702521169674 176
0 0.6185502691152467 0.2945732230589204 0.6528773078549875 0.2913798184270794 0.6606612316450999 0.3605702521169675 0.6235399638524981 0.3641184794856797 177
0 0.5825257036385652 0.2977666276907612 0.6162753988736967 0.2945732230589203 0.6210420249050475 0.3648281249594221 0.5841145789823488 0.3694408205387479 178
0 0.5528858863730158 0.3016696777963445 0.5800060408500820 0.2977666276907611 0.5816244670070353 0.3694408205387476 0.5528858863730158 0.3736986933812022 179
0 0.3895145379174562 0.5271154652954755 0.4172191886272622 0.5228927746677194 0.4007971053080198 0.6547747898029572 0.3689869337684034 0.6560627963377996 180
0 0.4226002057812235 0.3229688688596845 0.446233330760087 0.3178877421625993 0.4324677609189574 0.4037080480983767 0.4066611249125472 0.4087655416480337 181
0 0.4368487780729192 0.2552047574669294 0.4580668907989529 0.2500527313275592 0.4469578344359361 0.3147410646045284 0.4230832082317896 0.3198930907438985 182
0 0.1772349608937213 0.5915873567029532 0.2436138027476712 0.5836464238517752 0.2274332206537119 0.6326480439316675 0.1615373812503279 0.6376013693383897 183
0 0.1946230491140954 0.5402835371787432 0.2597943848416305 0.5325554979696881 0.2438553039729542 0.5794997462937043 0.1774764621190042 0.5876571210143737 184
0 0.2122526385597527 0.4921225803606492 0.276457969386156 0.4823232431108294 0.2607603897427626 0.5290417549360387 0.1958305552405104 0.5371368596206724 185
0 0.2298822280054097 0.4458297246236241 0.2914310453537002 0.4359550078564979 0.2764579693861558 0.4786059010643725 0.2132186434608845 0.4880512823198844 186
0 0.2443723015223883 0.4047001358311819 0.3061626200959619 0.3947387987415371 0.2926385514801153 0.4327179438749298 0.2303652304559759 0.4421123825771678 187
0 0.2593453774899326 0.3659733194633871 0.3199281899370913 0.3548105961614186 0.3066456225465276 0.3905921211834662 0.2453383064235201 0.4013668379505922 188
0 0.2748014559080431 0.3277624589297254 0.3327277548770889 0.3178877421625993 0.3208941948382232 0.3512345830917334 0.2605528836163476 0.3623973063937022 189
0 0.2873595196227577 0.295562295558662 0.3440783124653888 0.2852582432799218 0.3334522585529379 0.3141704001161426 0.2760089620344579 0.3236157813716544 190
0 0.4174514249522718 0.2089264697816541 0.4478822044522068 0.2014751923073584 0.4399750901126004 0.2422798070475488 0.4075675320277639 0.2497310845218444 207
0 0.3868104019207976 0.2146036335715936 0.4155489825548167 0.2092812925185253 0.4057691808698037 0.2493762617849732 0.3752343101303741 0.2571823619961402 208
0 0.3558017835442356 0.2213452655721468 0.3838229677722735 0.2153132790453361 0.3731368692137083 0.2578920074698826 0.3423023248645140 0.2660529304179207 209
0 0.4343403643870866 0.1118353622924858 0.4608764698265748 0.1074367333230078 0.4545785263723578 0.1470243940483093 0.4250434492057612 0.1523027488116829 210
0 0.4076083849156406 0.1159407493306652 0.4316805700416649 0.1121286042237843 0.4224537576876287 0.1525959907429814 0.3955774465935621 0.1587540713002505 211
0 0.4457240188149490 0.0721291110899789 0.4677741563875866 0.0695799887385626 0.4619362110024236 0.1034468999788073 0.4377110505010129 0.1069064231700151 228
0 0.4216552966129605 0.0754065541132284 0.4428022379646601 0.0723111912579372 0.4338916897452005 0.1074526636738901 0.4103890862205404 0.1112763472010145 229
0 0.5126921934900335 0.0046913896670415 0.528884283731004 0.00266630380294730 0.5280944256704687 0.0261923055507139 0.5103226193084278 0.0303424772789025 230
0 0.4919030075799233 0.0109248100774983 0.5091337843967487 0.008739848061998637 0.507699903074077 0.03404899140820303 0.4894449253124862 0.03714435426349 231