0 0.8048954372623576 0.10640797522576814 0.8462138016538483 0.10651978142822424 0.8630340160705914 0.2306283529059049 0.8206112934031861 0.23195168313007336 014
0 0.7625112023823784 0.1085389881310781 0.8028260574596132 0.10697952587002295 0.8184410646387827 0.2319516831300729 0.7739259199069647 0.23385908363047078 015
0 0.7191499233186527 0.11094220508392973 0.7604931805595875 0.10811531569993417 0.7718512182631412 0.23370997261745108 0.7275548712192821 0.23572917932030502 016
0 0.6728091294881541 0.11457677714906687 0.7168409473422075 0.11094220508392974 0.7255104244326425 0.23613302066087585 0.6778283004352484 0.23895991004487135 017
0 0.6280584609361528 0.11860245108030884 0.6707646827015143 0.11457677714906689 0.6755350585370068 0.23897010162444424 0.6289671039524372 0.24219064076943783 018
0 0.5928485440551368 0.12261942303197049 0.6260140141495133 0.11901903189534556 0.6266954964117266 0.2430325043790916 0.590576936514426 0.2466328955157165 019
0 0.47109037987304236 0.14405719501073483 0.5019842424267081 0.13921109892388533 0.4928978122638653 0.2567289290299864 0.46018666367763095 0.26157502511683595 020
0 0.4306557656483915 0.15242174264945832 0.4690459330864023 0.1452687190324472 0.45768789538284893 0.2628962185121854 0.41816192417448245 0.26965185192825164 021
0 0.3905223645822224 0.16056824176883214 0.42838415810768027 0.15334554584386312 0.41545000503997753 0.2705034023588482 0.3750013809009787 0.2757094720368137 022
0 0.3545903139440163 0.16978108233200456 0.3886310261452428 0.16223005533642051 0.372750296975053 0.2762287185167483 0.33797417798739393 0.2833824575076586 023
0 0.3202809919325817 0.1787590916818634 0.3527396270020137 0.17030688214783637 0.335704598667702 0.2830030092681962 0.3011741358278807 0.29024776029736216 024
0 0.2868640212737405 0.1880229839917731 0.3185262288166948 0.18040291566210626 0.2988313503327686 0.29028953698776583 0.26671534374640604 0.29670922174649467 025
0 0.256737165552397 0.19696041062550892 0.2844924663502258 0.18928742515466376 0.2644340136728034 0.2975169044276365 0.23597899940948314 0.3031706831956277 026
0 0.22734689075478218 0.20658914201711817 0.25415185973516885 0.19776809330665043 0.23369765640788348 0.30361202408925125 0.20712958364245668 0.310035985985331 027
0 0.20657285697068442 0.21190254022662824 0.22541231828386027 0.20705644413977878 0.20445282538535847 0.31205519268818505 0.18395918672720754 0.31528592341275147 028
0 0.22499442095221714 0.4667243813605172 0.2595211139223031 0.4663225847862279 0.23734171512694993 0.6250322316305502 0.2025863685610355 0.6218178590362349 029
0 0.2614037303242782 0.466724381360517 0.2956809757748891 0.46632258478622773 0.27526369596871797 0.6282629623551165 0.23938641072054911 0.6254524311013718 030
0 0.2978881844391219 0.46631852479633695 0.3350004372068275 0.46389953674280276 0.3160277204294951 0.6321611994277334 0.277549417404489 0.6293530076375451 031
0 0.3375781836680144 0.4622888175964002 0.3785740000331876 0.4610726473588083 0.3606095411765386 0.6357957714928713 0.31823184336085386 0.63295804093849 032
0 0.38070451852208254 0.460687993050255 0.42200300601604773 0.4578419166342415 0.4066002195419077 0.6375513131882451 0.36250753942707 0.6359249838076659 033
0 0.4242562212797957 0.4574567141247734 0.4697274153486157 0.45461118590967475 0.45710402125715066 0.639570519891099 0.4090754940116396 0.6379445037681855 034
0 0.47236546738642593 0.45462459628922625 0.5201571027523938 0.45218813786624984 0.5091648498086193 0.6403782025722401 0.45927802066134665 0.6395616214504718 035
0 0.5224287102931047 0.45138045518510905 0.5724040761887403 0.4481497244605427 0.5642262890421819 0.6407820439128115 0.5112978333436221 0.6407820439128115 036
0 0.5749028444835221 0.44814972446054263 0.625786853395442 0.4449189937359762 0.6214707990680917 0.6411858852533819 0.5667250573369637 0.6407820439128112 037
0 0.627637518151058 0.4449189937359763 0.6796239521102863 0.4428997870331224 0.678249861344844 0.6407820439128115 0.6235152458547316 0.6411858852533823 038
0 0.6816628583907288 0.4424959456925516 0.7334712084198243 0.4400728976491268 0.735959819119912 0.63997436123167 0.6803054343724994 0.6411858852533824 039
0 0.7359598191199116 0.44047026457942706 0.786041830294743 0.43886137362741356 0.7922956861295369 0.6367549607250732 0.7386108070474596 0.6395705198910968 040
0 0.7884339533103293 0.4384510578765728 0.8370502835345235 0.4352268015622764 0.8456784633362389 0.6327165473193651 0.7947952429414805 0.6351282651448177 041
0 0.8393179622222494 0.4340152775405648 0.8845229522823927 0.4319960708377109 0.8967896330022306 0.6274552796739752 0.847722910122879 0.6314936930796831 042
0 0.8484043923850925 0.6351282651448202 0.8972439545103729 0.6310898517391125 0.9020143303458653 0.8422988728576377 0.8511303214339453 0.8507795410096243 069
0 0.7947944544243194 0.6383634500018192 0.8463484921150546 0.6359359478259619 0.8490858746473056 0.8515790577813056 0.7957069152684035 0.8560294784370442 070
0 0.7382314266606222 0.6435971423087604 0.7925228468836083 0.6403782025722395 0.7932043291458214 0.8568518998532412 0.7352783368576982 0.8608755745238915 071
0 0.6807433450276857 0.6444166159779485 0.7359598191199119 0.6432050919562359 0.7330179577953263 0.8604717331833233 0.676443701553291 0.8628947812267481 072
0 0.6231307549668893 0.644820457318519 0.6784881483399307 0.6444166159779479 0.674358753382412 0.8628947812267477 0.6151102979541017 0.8612794158644645 073
0 0.567120083207094 0.6448204573185192 0.6212436383140205 0.6448204573185192 0.6129622925884 0.8616832572050354 0.5569571449119067 0.8588458000102583 074
0 0.5115226278398378 0.644820457318519 0.564907771304395 0.6444258819360489 0.5545080680320787 0.8584525264804685 0.4983496703615703 0.8551847319234978 075
0 0.45898572990086345 0.6428012506156654 0.5090262258029112 0.6440127746373778 0.49594224292944 0.8548179544153324 0.4433767678763715 0.8495680169879121 076
0 0.4084188833648358 0.641993567934523 0.45655209161249344 0.6436026600332632 0.44110540214303273 0.8491641756473399 0.3915841159481672 0.8411187151536383 077
0 0.3623207922962671 0.6395705198911007 0.4065767257168581 0.6411891552237527 0.3892967270939243 0.8394719834736438 0.34410751834731307 0.830569489144056 078
0 0.3175611483434149 0.6355321064853916 0.36000877113228824 0.6399743612316704 0.34204271606049114 0.8289721086188016 0.29867536753309887 0.8200875991262442 079
0 0.2773973806793236 0.6323013757608259 0.3154852633343583 0.6355693023983395 0.2965540080501991 0.8192799164451032 0.2582407533084483 0.8102785055118544 080
0 0.23904093707373278 0.6290706450362591 0.27527780986377853 0.6323455315338263 0.2558735489503992 0.8087800415902623 0.2191691036082239 0.7997741037219526 081
0 0.20270373495063904 0.6250322316305508 0.23711480317983857 0.6287007716589131 0.21702243448225228 0.7994916907571331 0.181687579186497 0.7893013017894591 082
