0 0.15925783238235827 0.3399364184128026 0.19128465092397826 0.3399364184128026 0.17520158274227497 0.3742832593419366 0.1380581853455076 0.37116081925747003 191
0 0.19397838950681528 0.33974531535985276 0.23793738778384754 0.3424510235320046 0.22689681256035646 0.3787075130388394 0.17798749347425903 0.3749195215978269 192
0 0.23981403723162473 0.34286229117417245 0.2867375403767783 0.3464987629575446 0.28381537555085434 0.38234398482221207 0.22870981089311368 0.3792270090078932 193
0 0.28959727202819474 0.34649876295754424 0.3373063716801368 0.3516937226480759 0.3402131566911875 0.3864999525746371 0.2869842414812238 0.382343984822212 194
0 0.3401676413130405 0.3522132186171293 0.3849222785278246 0.3577811497726221 0.39398098948818896 0.391694912265169 0.34218980613896456 0.3861269811096762 195
0 0.38738336094078646 0.3584471702457667 0.43483569261785476 0.36429631004547614 0.44941768821555966 0.39792886389380647 0.395500262073018 0.3915922957774541 196
0 0.4374757300163097 0.3641616259053512 0.4843271652489417 0.3719540654411486 0.5043543869429312 0.4046823114914973 0.45206699153621643 0.3984483598628595 197
0 0.48744474853960995 0.3724735614102022 0.521998842106543 0.3771490251316806 0.5523623230532695 0.4166307187797204 0.5074905417859926 0.40572130342960417 198
0 0.10047444181755378 0.43793919421301175 0.14208093265234794 0.4418032138175393 0.11712832956354907 0.5031981919783666 0.06590054056179603 0.4980461658389965 199
0 0.1451718996316304 0.4418032138175393 0.20731041360127947 0.4465259044452952 0.18908924485990183 0.5117849022106502 0.12014816122680517 0.5031981919783666 200
0 0.20928286399878095 0.44727208942151407 0.2749957009515991 0.4515225109864944 0.2707452793866188 0.5209460632145072 0.19121857234761457 0.5119729510217705 201
0 0.2775583063428442 0.4515225109864945 0.34542461081720877 0.45577293255147486 0.3512689404690569 0.5266132919678143 0.27330788477786383 0.5204737941517313 202
0 0.3484872162084537 0.45624520161425025 0.41587822881354153 0.4628168971786913 0.43441781233398474 0.533697327909448 0.35431394245773595 0.5271256323450069 203
0 0.418150474726252 0.4633292375558844 0.4859541738093716 0.4723023497486207 0.5133162626339328 0.5393645566627552 0.4364804177252298 0.5336973279094481 204
0 0.4892824305484281 0.4732468878741718 0.5496791945884545 0.4803309238158057 0.5868703832820327 0.5440872472905111 0.5161132166773667 0.5388922875999795 205
0 0.5522417999796996 0.4803309238158049 0.6015940697316028 0.4859981525691121 0.6408289095833431 0.547865399792715 0.5893747317987575 0.5436149782277346 206
0 0.9240334104647546 0.9222834030296478 0.9818209028031595 0.8874252235061814 0.9991785618691483 0.9171403929360217 0.95842729046588 0.9845709697191212 230
