0 0.152604 0.330000 0.046875 0.077000 191
0 0.206250 0.337000 0.046875 0.077000 192
0 0.259896 0.342593 0.046875 0.077000 193
0 0.314063 0.345000 0.046875 0.077000 194
0 0.368750 0.353704 0.046875 0.077000 195
0 0.422396 0.360185 0.046875 0.077000 196
0 0.476562 0.367593 0.046875 0.077000 197
0 0.530729 0.371296 0.046875 0.077000 198
0 0.086458 0.440278 0.066667 0.110185 199
0 0.159635 0.456481 0.066146 0.112963 200
0 0.235156 0.466667 0.068229 0.112963 201
0 0.312500 0.478241 0.070833 0.115741 202
0 0.391667 0.480556 0.070833 0.116667 203
0 0.472656 0.482407 0.071354 0.116667 204
0 0.549219 0.485185 0.066146 0.112963 205
0 0.627865 0.489352 0.074479 0.113889 206
0 0.980000 0.925185 0.040000 0.090000 230
