0 0.955729 0.188889 0.055208 0.187037 014
0 0.898438 0.188889 0.055208 0.187037 015
0 0.841667 0.187963 0.055208 0.187037 016
0 0.784896 0.187963 0.055208 0.187037 017
0 0.727604 0.187963 0.055208 0.187037 018
0 0.670312 0.187963 0.055208 0.187037 019
0 0.516875 0.196296 0.055208 0.187037 020
0 0.458542 0.196296 0.055208 0.187037 021
0 0.400729 0.195370 0.055208 0.187037 022
0 0.342917 0.194444 0.055208 0.187037 023
0 0.285104 0.194444 0.055208 0.187037 024
0 0.227292 0.192593 0.055208 0.187037 025
0 0.169479 0.191667 0.055208 0.187037 026
0 0.111667 0.191667 0.055208 0.187037 027
0 0.053854 0.190741 0.055208 0.187037 028
0 0.181000 0.634722 0.066000 0.202778 029
0 0.248500 0.635648 0.064000 0.202778 030
0 0.313021 0.636574 0.060417 0.202778 031
0 0.375521 0.637500 0.060417 0.202778 032
0 0.436198 0.637963 0.056771 0.201852 033
0 0.495052 0.637963 0.056771 0.201852 034
0 0.553906 0.637963 0.056771 0.201852 035
0 0.612240 0.637963 0.056771 0.201852 036
0 0.670573 0.638889 0.056771 0.201852 037
0 0.728385 0.640741 0.056771 0.201852 038
0 0.787240 0.639815 0.056771 0.201852 039
0 0.846615 0.637963 0.056771 0.201852 040
0 0.904427 0.638889 0.056771 0.201852 041
0 0.964583 0.637500 0.060417 0.202778 042
0 0.964583 0.843981 0.060417 0.202778 069
0 0.904948 0.843519 0.056771 0.201852 070
0 0.847656 0.845370 0.056771 0.201852 071
0 0.788281 0.846296 0.056771 0.201852 072
0 0.728906 0.847222 0.056771 0.201852 073
0 0.669531 0.847222 0.056771 0.201852 074
0 0.610677 0.846296 0.056771 0.201852 075
0 0.551302 0.846296 0.056771 0.201852 076
0 0.491927 0.846296 0.056771 0.201852 077
0 0.433073 0.846296 0.056771 0.201852 078
0 0.374219 0.847222 0.056771 0.201852 079
0 0.313021 0.845833 0.060417 0.202778 080
0 0.248500 0.845833 0.064000 0.202778 081
0 0.181000 0.844907 0.066000 0.202778 082