0 0.066667 0.181481 0.075000 0.172222 212
0 0.160156 0.180556 0.094271 0.172222 213
0 0.266927 0.180556 0.104688 0.172222 214
0 0.381510 0.180556 0.102604 0.172222 215
0 0.495312 0.181019 0.106250 0.173148 216
0 0.605208 0.182407 0.094792 0.177778 217
0 0.702865 0.183333 0.089063 0.181481 218
0 0.787500 0.183796 0.068750 0.178704 219
0 0.020000 0.680000 0.039000 0.250000 220
0 0.153646 0.823610 0.194792 0.349100 222
0 0.396615 0.823610 0.200521 0.349100 223
0 0.600000 0.823610 0.160000 0.349100 224
0 0.755000 0.823610 0.130000 0.349100 225
0 0.880000 0.790000 0.100000 0.410000 226
0 0.970000 0.685963 0.063646 0.235148 227
