0 0.964583 0.655556 0.044792 0.214815 093
0 0.917188 0.655556 0.044792 0.214815 094
0 0.869792 0.655556 0.044792 0.214815 095
0 0.822396 0.655556 0.044792 0.214815 096
0 0.774479 0.655556 0.044792 0.214815 097
0 0.726562 0.655556 0.044792 0.214815 098
0 0.678646 0.655556 0.044792 0.214815 099
0 0.629948 0.655556 0.046354 0.214815 100
0 0.580469 0.655556 0.046354 0.214815 101
0 0.530990 0.655556 0.046354 0.214815 102
0 0.480729 0.655093 0.047917 0.213889 103
0 0.429688 0.655093 0.047917 0.213889 104
0 0.379167 0.655093 0.047917 0.213889 105
0 0.328646 0.655093 0.047917 0.213889 106
0 0.278125 0.655093 0.047917 0.213889 107
0 0.228125 0.655093 0.047917 0.213889 108
0 0.178125 0.655556 0.047917 0.214815 109
0 0.128906 0.655556 0.045312 0.212963 110
0 0.080990 0.655556 0.045312 0.212963 111
0 0.031771 0.655556 0.047917 0.212963 112
